[bath-fields-of-light.jpg]
filters=finetune2=1,0.000000,0.160000,0.117895,00000000,0.000000;PicnikGrain=1,8.771930,0;unsharp2=1,0.000000;glow2=1,1.000000,1.473250;
moddate=00725ff5c093ce01
width=2546
height=930
textactive=0
